Reacoes de apoio [N]
[[-1666.66666667]
 [-2000.        ]
 [ 1666.66666667]
 [-2000.        ]]

Deslocamentos [m]
[[ 0.00000000e+00]
 [ 0.00000000e+00]
 [ 1.38888889e-05]
 [ 1.85926246e-04]
 [-9.24977452e-21]
 [ 2.58189728e-04]
 [-1.38888889e-05]
 [ 1.85926246e-04]
 [ 0.00000000e+00]
 [ 0.00000000e+00]
 [-6.94444444e-05]
 [-3.85802469e-05]
 [-6.94444444e-05]
 [ 1.05946716e-04]
 [-2.77777778e-05]
 [ 2.42757629e-04]
 [ 2.77777778e-05]
 [ 2.42757629e-04]
 [ 6.94444444e-05]
 [ 1.05946716e-04]
 [ 6.94444444e-05]
 [-3.85802469e-05]]

Deformacoes []
[[ 1.38888889e-05]
 [-1.38888889e-05]
 [-1.38888889e-05]
 [ 1.38888889e-05]
 [-1.35525272e-20]
 [ 4.16666667e-05]
 [ 5.55555556e-05]
 [ 4.16666667e-05]
 [-1.35525272e-20]
 [ 6.58168901e-21]
 [ 5.71979452e-05]
 [-2.85989726e-05]
 [ 2.85989726e-05]
 [ 4.77172453e-20]
 [-2.63267561e-20]
 [ 2.85989726e-05]
 [-2.85989726e-05]
 [ 5.71979452e-05]
 [ 0.00000000e+00]]

Forcas internas [N]
[[ 5.55555556e+02]
 [-5.55555556e+02]
 [-5.55555556e+02]
 [ 5.55555556e+02]
 [-5.42101086e-13]
 [ 1.66666667e+03]
 [ 2.22222222e+03]
 [ 1.66666667e+03]
 [-5.42101086e-13]
 [ 2.63267561e-13]
 [ 2.28791781e+03]
 [-1.14395890e+03]
 [ 1.14395890e+03]
 [ 1.90868981e-12]
 [-1.05307024e-12]
 [ 1.14395890e+03]
 [-1.14395890e+03]
 [ 2.28791781e+03]
 [ 0.00000000e+00]]

Tensoes internas [Pa]
[[ 2.77777778e+06]
 [-2.77777778e+06]
 [-2.77777778e+06]
 [ 2.77777778e+06]
 [-2.71050543e-09]
 [ 8.33333333e+06]
 [ 1.11111111e+07]
 [ 8.33333333e+06]
 [-2.71050543e-09]
 [ 1.31633780e-09]
 [ 1.14395890e+07]
 [-5.71979452e+06]
 [ 5.71979452e+06]
 [ 9.54344907e-09]
 [-5.26535121e-09]
 [ 5.71979452e+06]
 [-5.71979452e+06]
 [ 1.14395890e+07]
 [ 0.00000000e+00]]