Reacoes de apoio [N]
[[  2142.85714286]
 [  6428.57142857]
 [ -2142.85714286]
 [-21428.57142857]]

Deslocamentos [m]
[[ 0.00000000e+00]
 [ 0.00000000e+00]
 [ 0.00000000e+00]
 [ 0.00000000e+00]
 [-5.26364362e-04]
 [-4.68750000e-05]
 [-4.88864362e-04]
 [ 3.20771464e-04]
 [-1.47174710e-03]
 [-4.68750000e-05]
 [-1.47174710e-03]
 [ 7.65925212e-04]]

Deformacoes []
[[ 0.00000000e+00]
 [-9.37500000e-05]
 [-8.57561282e-05]
 [ 5.38386194e-04]
 [ 9.37500000e-05]
 [ 0.00000000e+00]
 [-1.32582521e-04]
 [ 4.78033079e-04]
 [ 0.00000000e+00]]

Forcas internas [N]
[[    0.        ]
 [-3750.        ]
 [-3430.2451272 ]
 [21535.44775954]
 [ 3750.        ]
 [    0.        ]
 [-5303.3008589 ]
 [19121.32317597]
 [    0.        ]]

Tensoes internas [Pa]
[[ 0.00000000e+00]
 [-1.87500000e+07]
 [-1.71512256e+07]
 [ 1.07677239e+08]
 [ 1.87500000e+07]
 [ 0.00000000e+00]
 [-2.65165043e+07]
 [ 9.56066159e+07]
 [ 0.00000000e+00]]